tree
version=v4
num_class=1
num_tree_per_iteration=1
label_index=0
max_feature_idx=62
objective=binary sigmoid:1
feature_names=Column_0 Column_1 Column_2 Column_3 Column_4 Column_5 Column_6 Column_7 Column_8 Column_9 Column_10 Column_11 Column_12 Column_13 Column_14 Column_15 Column_16 Column_17 Column_18 Column_19 Column_20 Column_21 Column_22 Column_23 Column_24 Column_25 Column_26 Column_27 Column_28 Column_29 Column_30 Column_31 Column_32 Column_33 Column_34 Column_35 Column_36 Column_37 Column_38 Column_39 Column_40 Column_41 Column_42 Column_43 Column_44 Column_45 Column_46 Column_47 Column_48 Column_49 Column_50 Column_51 Column_52 Column_53 Column_54 Column_55 Column_56 Column_57 Column_58 Column_59 Column_60 Column_61 Column_62
feature_infos=[12:1694] [2.9841837197791885:6.0366326940842292] [1:4] [0:0.72499999999999998] [0:1] [0:0.56000000000000005] [0:1] none none [0:0.80000000000000004] none [0.49736395329653144:0.97717374239071042] [5.5511151231257827e-17:0.69999999999999996] [0:1] [0.50178571428571428:0.83333333333333337] [0:1] none [0:2] none [0:1] none [0:0.66096404744368109] none [0:1] [0:1] [0:1] [0:18] [0:1] [0:1] [0:3] [0:1] [0:0.37] [0:0.54000000000000004] [0:1] [0:1] [0:1] [0:1] [0:1] [0:1] [0:1] [0:1] [0:1] [0:5.409183719779187] [-0.80000000000000004:0.64999999999999991] none [0:2] [0:25] [-1:25] [0:4] [0:0.85999999999999999] [0:4.0163253238535566] [0:1] none [0:1] [0:1] [0:1] [0:1] [0:1] [0:1] [0:1] [0:2] none none
tree_sizes=6844 6864 6867 6855 6837 6852 6889 6861 6880 6851 6837 6871 6859 6874 6805 6896 6872 6794 6866 6822 6773 6852 6894 6825 6880 6892 6880 6898 6873 6871 6866 6871 6870 6809 6883 6840 6810 6870 6886 6859 6841 6866 6893 6864 6876 6845 6858 6856 6878 6863 6834 6861 6825 6532 6831 6835 6827 6825 6855 6855 6836 6852 6854 6874 6893 6840 6897 6835 6873 6801 6825 6831 6848 6871 6822 6811 6820 6817 6846 6835 6852 6842 6867 6803 6845 6857 6840 6823 6846 6852 6881 6858 6840 6847 6880 6820 6873 6808 6878 6844 6882 6883 6876 6815 6862 6812 6847 6814 6829 6807 6795 6796 6844 6809 6864 6839 6808 6823 6129 6893 6898 6757 6758 6881 6812 6888 6845 6826 6902 6837 6843 6843 6773 6821 6795 6856 6824 6855 6879 6835 6810 6881 4682 6823 6842 6701 5861 6804 6856 6833 6832 6769 6786 6825 6789 6789 5427 6818 6810 5777 6867 6791 6768 6788 6031 6845 6759 6790 6794 6725 6836 6789 6866 5402 6820 6806 6773 6848 4899 6097 6812 6244 6802 6819 6871 6815 6354 5361 6854 6805 6883 6811 4753 6714 6812 4360 6149 5152 5635 6231 6826 6863 6826 6791 6817 6779 6732 6817 6828 6505 5581 6846 6872 6778 6850 6682 6852 6807 4787 6801 6560 6221 5434 6767 5653 6790 6843 5826 6748 5492 6771 6848 6831 6764 6805 6787 6849 6725 6791 6854 6814 6836 6792 6778 6819 5933 5248 6734 6850 4882 5025 6804 6760 6744 6772 6801 6824 6797 6853 6749 6880 6781 4815 6818 6734 4985 6800 6773 6829 4446 4806 5400 6842 6841 6766 6811 6869 6818 6864 6771 6774 6725 6232 6762 6792 6827 6806 5801 6896 6761 6825 5069 6826 6264 5006 6837 6820 6797 6758 6774

Tree=0
num_leaves=63
num_cat=0
split_feature=32 31 45 1 26 45 31 26 32 24 5 0 45 50 3 5 45 27 26 32 27 0 1 14 32 45 34 1 3 32 1 26 26 0 32 24 4 4 31 32 1 42 32 0 34 1 31 50 29 9 5 4 5 3 1 4 3 3 3 21 1 5
split_gain=471.731 235.193 79.4388 65.4471 60.8033 91.6062 74.575 55.7012 25.6896 25.0592 19.6357 82.6706 29.6338 18.0227 17.8589 17.7829 16.5208 15.0964 13.3046 13.3318 13.2929 13.0304 12.5133 23.4166 12.4434 10.5983 33.6733 10.4523 10.1937 9.81243 9.71682 9.30837 15.4642 18.9465 9.20733 10.9402 10.6792 8.41292 8.38804 7.23873 15.7432 7.19525 6.96742 6.04752 10.809 9.96573 22.1325 5.76189 5.39193 5.32006 12.8134 5.30342 5.64167 5.29125 5.05787 4.84063 4.57309 4.56297 4.56222 4.54708 4.71985 3.99857
threshold=1.0000000180025095e-35 0.16000000000000003 0.97500000000000009 5.0796373003381596 8.5000000000000018 0.97500000000000009 1.0000000180025095e-35 7.5000000000000009 0.17500000000000002 1.0000000180025095e-35 0.01941930618401207 23.500000000000004 1.5000000000000002 2.9242685963818378 0.18257575757575759 0.21320346320346323 1.5000000000000002 1.0000000180025095e-35 11.500000000000002 0.15000000000000005 1.0000000180025095e-35 21.500000000000004 4.8644654116384185 0.64480286738351267 0.16500000000000004 1.5000000000000002 1.0000000180025095e-35 4.1062031259014455 0.48750000000000004 0.25000000000000006 3.5666825895759682 9.5000000000000018 8.5000000000000018 38.500000000000007 0.17500000000000002 1.0000000180025095e-35 0.15504807692307696 0.37377450980392163 1.0000000180025095e-35 0.33500000000000002 3.8574466511864682 3.7467622390330519 0.16500000000000004 37.500000000000007 1.0000000180025095e-35 4.8341389671286441 1.0000000180025095e-35 3.315707808323157 1.5000000000000002 0.37500000000000006 0.04083333333333334 0.35599078341013829 0.28759398496240607 0.31936274509803925 4.8037733451769924 0.32697368421052636 0.31936274509803925 0.13723808562876269 0.099019607843137278 0.37479088507391733 3.6355547771300549 0.062418346836329859
decision_type=2 2 2 2 2 2 2 2 2 2 2 2 2 2 2 2 2 2 2 2 2 2 2 2 2 2 2 2 2 2 2 2 2 2 2 2 2 2 2 2 2 2 2 2 2 2 2 2 2 2 2 2 2 2 2 2 2 2 2 2 2 2
left_child=1 7 3 14 5 8 22 9 42 21 11 -4 13 49 37 17 -13 18 19 27 31 -1 23 58 -21 30 57 -6 56 59 -23 32 -9 -34 35 -19 -37 51 41 43 -41 -36 -2 -26 -45 46 -46 -31 -32 50 -12 52 -3 -40 -29 -11 -16 -27 -7 60 -10 -14
right_child=4 2 10 -5 15 6 -8 20 29 55 12 16 61 -15 28 -17 -18 34 -20 24 -22 25 -24 -25 39 26 -28 54 -30 47 48 -33 33 -35 38 36 -38 -39 53 40 -42 -43 -44 44 45 -47 -48 -49 -50 -51 -52 -53 -54 -55 -56 -57 -58 -59 -60 -61 -62 -63
leaf_value=-0.017263421028872482 -0.085028135009334649 -0.025537373252526425 0.021464156972736188 -0.095341428577101317 -0.021299043848749647 -0.063189470286351024 -0.096088482421096466 -0.096224343892678921 -0.034313733163104015 -0.024867596488004819 0.01201805050910703 -0.041104604684180528 0.021881160769551822 -0.05117276796229657 0.0014183491334128981 -0.046632646217162302 -0.09554400257842488 -0.039781910739070205 -0.086697981348626912 -0.097087151466860547 -0.045259213271121597 -0.039007288010502045 0.01627336407251425 0.0066716944855355204 -0.080740119534972621 -0.026056825473598395 -0.06963408667048962 -0.080367097767869405 -0.034072355525782846 -0.073237643249792414 -0.068224450774877973 -0.090069973611962242 -0.071686140258313935 -0.011450864451156693 -0.093545181583380654 -0.041634703807832456 -0.077575730371547275 -0.013519024326636535 -0.072069052729556202 -0.091679513951171854 -0.038855340077212128 -0.055130795210287672 -0.06892831555047263 -0.080820402567554225 -0.07502055012095557 -0.075872202421082224 -0.039459599335349795 -0.043382702297732521 -0.039028872992031317 0.019499276108960385 -0.042967928093252651 -0.074686149792012657 -0.053401500358604838 -0.046451494849336035 -0.043194768609756774 0.013156194690299904 -0.020066794468517144 0.01183830284843046 -0.031943491490818814 -0.018117317483750985 -0.0652223766145896 0.0044356871659453623
leaf_weight=8.5946188867092115 60.2149897813797 8.9546254277229327 20.784556865692139 13.87471482157707 6.4060623198747662 6.1870471388101604 10.745943412184713 11.74556605517864 10.713866353034978 9.084528908133505 7.3846957832574898 13.61253470182419 40.140175446867943 10.904364213347433 10.712679773569105 18.16034309566021 7.9969811439514151 19.219373539090157 169.90021251142025 28.239339664578438 10.544357672333716 16.04109562933445 12.710738480091093 16.288628131151199 68.840499147772789 5.7565449178218842 14.873150885105133 8.9162068068981153 53.309524804353714 19.64116103947163 60.161923542618752 51.099570393562317 14.863249585032465 6.5557684004306784 26.519703939557076 10.684162452816961 27.787848263978958 6.1660579591989508 28.467069566249847 46.691566780209541 5.4769353568553916 6.076946258544921 49.177162349224091 51.627899035811424 29.446889609098434 37.743282914161682 34.370947405695915 9.0251211076974851 6.7462662607431403 6.2353670597076407 7.2460775822401047 6.6670558601617804 21.668923646211624 10.794263333082197 5.8468431979417792 5.0563344359397879 84.428138881921768 7.2547923028469086 11.743192896246908 6.9256762415170661 7.066667601466178 25.962080061435699
leaf_count=56 264 56 160 56 41 31 43 47 64 57 55 78 309 59 76 101 32 111 737 113 59 93 96 118 311 36 72 40 318 93 295 216 71 44 109 61 128 41 136 195 32 32 240 233 138 176 199 51 39 48 41 31 116 60 33 38 540 54 71 45 35 186
internal_value=-0.0576901 -0.0366411 -0.0210409 -0.0329544 -0.0717267 -0.0580521 -0.0256704 -0.060248 -0.0695654 -0.0476846 -0.00363898 -0.0210586 0.00379358 -0.0204636 -0.0283585 -0.0764111 -0.0618611 -0.0772666 -0.0797035 -0.0759855 -0.0778287 -0.0521995 -0.00924429 -0.0191625 -0.0776089 -0.0549967 -0.0388553 -0.0523651 -0.0233998 -0.0522617 -0.0603642 -0.0818084 -0.0686686 -0.0528893 -0.0678887 -0.0586155 -0.0678156 -0.0451533 -0.0751748 -0.07554 -0.086057 -0.0867095 -0.0779133 -0.0730017 -0.069435 -0.0635172 -0.0560236 -0.0641426 -0.0653794 -0.00416603 -0.0153072 -0.0506514 -0.0450256 -0.0652522 -0.0663009 -0.0103173 -0.0175053 -0.00402575 -0.0425439 -0.0386249 -0.046421 0.0152711
internal_weight=1436.08 574.426 346.049 205.782 861.657 220.44 57.6756 228.378 162.765 133.569 140.267 42.3941 97.8728 31.7705 191.907 641.216 21.6095 623.056 493.507 323.606 94.8085 119.428 46.9296 34.2189 302.437 110.834 27.8845 21.1691 148.45 53.3725 82.9493 84.2642 33.1646 21.419 129.549 57.6914 38.472 43.4567 71.858 274.198 52.1685 32.5967 109.392 222.03 153.189 101.561 63.8178 28.6663 66.9082 20.8661 14.6308 37.2906 30.6235 39.2613 14.7631 14.1409 95.1408 13.0113 17.9302 24.7062 17.7805 66.1023
internal_count=7516 3379 2202 1234 4137 1151 359 1177 792 740 968 270 698 203 1178 2986 110 2885 2248 1511 437 645 316 220 1397 589 162 114 934 288 427 378 162 115 637 300 189 244 337 1284 227 141 504 1057 746 513 337 144 334 144 96 203 172 196 73 95 616 90 102 144 99 495
is_linear=0
shrinkage=1


Tree=1
num_leaves=63
num_cat=0
split_feature=32 24 58 24 58 9 1 1 28 5 5 4 3 36 4 36 5 32 49 5 5 28 32 5 34 14 5 34 1 43 12 14 5 53 43 5 1 24 43 14 1 32 36 5 21 43 3 1 43 1 34 4 43 14 4 1 14 43 1 3 1 14
split_gain=444.735 169.192 104.952 50.322 36.7759 33.4157 29.4912 39.7917 28.5904 27.3196 44.2222 29.8581 42.0081 23.4203 22.554 46.0981 19.0424 17.5799 16.6591 13.8369 23.2302 13.4528 17.5533 12.4997 9.38423 13.2701 9.16307 8.93742 13.8137 14.4335 14.1961 8.45635 8.17212 7.98906 7.76035 7.75301 6.93787 6.86567 6.74864 6.6199 6.39921 6.37987 5.81238 5.72792 7.52998 5.69928 6.85367 6.2059 6.49058 5.23914 5.17504 6.23175 5.02159 4.7203 4.56467 4.54819 4.50074 4.0195 3.99139 3.88831 3.82466 3.70376
threshold=1.0000000180025095e-35 1.0000000180025095e-35 1.0000000180025095e-35 1.0000000180025095e-35 1.0000000180025095e-35 0.32500000000000007 3.9303249852141158 4.5408290460017566 1.0000000180025095e-35 0.07232818977656548 0.01941930618401207 0.52142857142857157 0.13514669502693458 1.0000000180025095e-35 0.17902930402930406 1.0000000180025095e-35 0.042572463768115944 0.25000000000000006 0.37500000000000006 0.025657894736842109 0.062418346836329859 1.0000000180025095e-35 0.17500000000000002 0.21320346320346323 1.0000000180025095e-35 0.61811868686868698 0.26393188854489169 1.0000000180025095e-35 3.6590178639248787 -0.27499999999999997 0.52500000000000013 0.59302884615384632 0.026671408250355622 1.0000000180025095e-35 -0.22499999999999998 0.01941930618401207 4.6345953588972035 1.0000000180025095e-35 -0.27499999999999997 0.57200460829493094 4.9554551764248354 0.17500000000000002 1.0000000180025095e-35 0.062418346836329859 0.41096404744368098 -0.27499999999999997 0.31936274509803925 4.500814583693912 -0.57499999999999984 4.7339486192976263 1.0000000180025095e-35 0.68750000000000011 -0.22499999999999998 0.70678160919540234 0.31311274509803927 4.7343480507649822 0.58847248576850109 -0.52499999999999991 3.4792268092965979 0.14976474159690528 3.6339835643916452 0.72137002341920387
decision_type=2 2 2 2 2 2 2 2 2 2 2 2 2 2 2 2 2 2 2 2 2 2 2 2 2 2 2 2 2 2 2 2 2 2 2 2 2 2 2 2 2 2 2 2 2 2 2 2 2 2 2 2 2 2 2 2 2 2 2 2 2 2
left_child=1 4 3 17 6 9 13 16 37 10 11 12 -3 50 15 41 -8 21 31 -12 -21 27 -23 33 25 -9 36 28 42 -30 40 -7 35 -16 -6 -19 -27 56 -26 -29 43 -5 -2 44 -31 47 -47 57 -49 -11 51 -1 -44 -18 -24 -34 -4 -41 -14 -50 -52 -60
right_child=2 5 8 14 34 18 7 24 -10 49 19 -13 58 -15 23 -17 53 32 -20 20 -22 22 54 -25 38 26 -28 39 29 30 -32 -33 55 -35 -36 -37 -38 -39 -40 45 -42 -43 52 -45 -46 46 -48 48 59 -51 60 -53 -54 -55 -56 -57 -58 -59 61 -61 -62 -63
leaf_value=0.0140210004928482 -0.0067260517077785279 -0.037447636267092348 -0.028107034066549741 0.024454789053263173 -0.021909126674154997 -0.052413085763816494 -0.049222938117697013 -0.021580352794927558 0.0087901382921884222 0.0038821941178803811 0.04893038423640237 0.043762817396507274 0.026207661515284544 -0.034570340376638357 -0.036742962009919437 -0.048246695542683536 0.00016614615891207631 3.9580910643448734e-05 0.016208600589610971 -0.011419398134279307 0.040650460753614878 0.022027391333491096 -0.0028491687581342507 0.0027413483818538439 -0.0020251305687781908 -0.002334976812173953 -0.021816833845936585 0.009891239625866733 -0.031587443247080238 -0.011487402352341965 -0.021222181275486317 -0.0093693140814631974 0.0099628424065525256 -0.054428519563100783 -0.051481345253924816 0.048537301261621084 0.032972463219178981 -0.022630983779758907 -0.031615814492364863 -0.0084062896265278443 0.04076906972479194 -0.0041457373969094264 -0.011288579184856096 0.029511391163931505 0.02130263528378807 -0.04008720637133277 -0.015089244368022676 -0.035223136031789469 -0.0095475783249359958 -0.018291018596487036 0.017541394484217238 0.051002045857437776 -0.043417059501804481 -0.029034678255935795 -0.03656026742432418 -0.024921871687191288 -0.049479704203410454 -0.032202223587236053 0.013284653412112693 0.018491026223934 -0.011208072821251164 -0.0038738007083296932
leaf_weight=31.842411831021309 8.6287323683500272 15.826580688357351 11.460118055343626 14.118602052330971 12.753197923302649 9.4895321726799065 41.300953954458237 11.744708389043806 8.0390575081109983 24.22412520647049 54.118717685341835 25.073408752679825 20.432623475790024 11.068123698234556 175.89225326478481 21.029244735836983 10.816407009959223 5.9844480007886904 8.9597098380327207 11.033123567700384 23.757974356412888 16.282675117254257 6.8625747114419964 6.2454167902469626 13.979959905147554 6.4836804121732774 4.545793965458869 4.2155926376581183 15.855977937579153 18.759596183896068 18.320714607834816 7.9941073209047309 6.0056656599044782 29.599581137299538 29.139350906014442 6.2157752513885498 17.766842380166054 10.85559034347534 14.601874679327009 8.8803423047065717 5.2960076332092276 13.085235431790352 6.4632587432861319 6.9428009390830985 9.2298589795827848 43.557969748973846 14.302979707717894 6.0318702608346966 12.934004932641985 15.308643385767935 6.4053660482168224 4.7966594398021689 20.5572734028101 8.4400387406349164 8.6675014197826368 6.8139273971319199 271.60044208168983 35.491544708609581 109.37414014339447 6.533274143934249 11.02921114861965 11.955706670880316
leaf_count=199 48 73 56 93 65 39 176 60 49 144 399 181 136 52 818 90 63 35 57 60 169 106 39 37 80 37 23 26 76 102 94 44 37 121 122 46 122 55 70 49 38 74 35 47 60 198 76 28 71 80 41 36 91 41 40 34 1156 170 682 42 60 68
internal_value=-0.0182876 0.00214975 -0.0319269 -0.0241888 -0.0172749 0.0157917 -0.0117241 -0.0199955 -0.0462018 0.0185535 0.0219472 0.0134264 0.00851226 0.00466123 -0.0338608 -0.015055 -0.037721 -0.0157375 -0.0163705 0.0393162 0.0239955 -0.0179433 0.000210842 -0.0380982 -0.00431595 0.00484759 0.0159078 -0.0203527 -0.0138779 -0.00638392 0.00042376 -0.0333999 0.00811564 -0.0393701 -0.0427682 0.0256164 0.0233453 -0.0477313 -0.0174655 -0.0256787 0.0104864 0.0105489 -0.0292285 0.00551853 -0.000387225 -0.0269131 -0.0340844 -0.0208086 -0.00857611 -0.00460199 0.0128997 0.0192759 -0.0360918 -0.012491 -0.0222708 -0.0082164 -0.048656 -0.0276335 0.0137311 0 -0.000226288 0.0115409
internal_weight=1435.02 574.263 860.76 558.805 236.715 337.548 194.822 129.68 301.955 311.105 271.572 182.662 157.589 65.1418 259.97 48.2331 60.5574 298.834 26.4433 88.9098 34.7911 273.815 31.8128 211.737 69.1229 40.541 28.7963 242.002 110.054 74.405 58.549 17.4836 25.0198 205.492 41.8925 12.2002 24.2505 293.916 28.5818 131.948 40.2283 27.2038 35.6493 34.9323 27.9895 127.732 57.8609 69.871 25.4991 39.5328 54.0736 36.6391 27.0205 19.2564 15.5301 12.8196 283.061 44.3719 141.762 19.4673 17.4346 121.33
internal_count=7516 3379 4137 2821 1247 2132 1060 672 1316 1992 1768 1140 959 388 1233 257 280 1588 140 628 229 1436 185 976 392 242 182 1251 591 417 341 83 152 939 187 81 159 1267 150 660 247 167 174 209 162 634 274 360 141 224 336 235 126 104 79 71 1212 219 886 113 101 750
is_linear=0
shrinkage=0.03


Tree=2
num_leaves=63
num_cat=0
split_feature=32 13 24 58 26 5 5 32 13 3 42 24 26 26 11 58 13 26 28 42 1 34 42 28 32 42 1 26 26 5 32 1 24 26 35 24 32 11 45 42 13 1 28 42 14 1 42 42 35 26 5 14 14 42 1 42 4 9 50 14 29 50
split_gain=419.416 172.093 118.677 99.2745 117.938 38.6527 37.0093 34.649 62.6857 33.5925 31.3606 29.8534 34.4476 30.8918 29.6022 48.2283 28.0319 28.1872 27.0461 22.947 26.7979 22.1759 19.0488 17.509 16.1888 15.4108 12.6182 12.5013 26.9355 11.8053 11.4768 10.3324 9.69635 10.2221 11.2421 7.74866 7.1689 10.688 7.1597 6.95129 6.90746 6.62888 5.3084 5.91169 5.87574 5.90737 5.12211 5.03099 4.73028 8.82355 4.64434 4.5099 4.34294 4.17171 4.08106 4.02711 3.84857 3.68656 3.55598 3.98276 3.4492 3.38921
threshold=1.0000000180025095e-35 0.90000000000000013 1.0000000180025095e-35 1.0000000180025095e-35 8.5000000000000018 0.025657894736842109 0.01941930618401207 0.15000000000000005 0.90000000000000013 0.13514669502693458 5.0005279307147701 1.0000000180025095e-35 8.5000000000000018 7.5000000000000009 0.74047860581083624 1.0000000180025095e-35 1.0000000180025095e-35 12.500000000000002 1.0000000180025095e-35 5.0315115408785305 5.0796373003381596 1.0000000180025095e-35 4.352747819918128 1.0000000180025095e-35 0.17500000000000002 3.8222509892493988 3.6166825895759684 6.5000000000000009 3.5000000000000004 0.025657894736842109 0.17500000000000002 4.9042169434880387 1.0000000180025095e-35 10.500000000000002 1.0000000180025095e-35 1.0000000180025095e-35 0.16500000000000004 0.73195602022507955 0.92222222222222239 4.3298514159003032 1.0000000180025095e-35 4.8859497000344776 1.0000000180025095e-35 4.9763905204053005 0.60676291793313075 4.847533523467404 3.5591881646294836 3.5368030955064285 1.0000000180025095e-35 6.5000000000000009 0.28759398496240607 0.69416099773242645 0.63299319727891168 3.6446542398839057 4.5626574477361794 3.7666825895759684 0.31142241379310348 0.37500000000000006 1.7585441243211084 0.72137002341920387 1.5000000000000002 3.2806961417784364
decision_type=2 2 2 2 2 2 2 2 2 2 2 2 2 2 2 2 2 2 2 2 2 2 2 2 2 2 2 2 2 2 2 2 2 2 2 2 2 2 2 2 2 2 2 2 2 2 2 2 2 2 2 2 2 2 2 2 2 2 2 2 2 2
left_child=1 2 14 4 7 6 9 -2 10 40 22 12 13 21 25 26 17 23 27 20 39 -3 53 30 -19 -1 51 28 -5 -24 36 52 33 34 -18 -29 37 -6 -38 50 -4 46 43 44 -28 55 -32 -11 -17 -50 56 -16 -25 -9 -27 -46 -7 -34 -49 -60 -8 -45
right_child=3 11 5 18 16 19 60 8 -10 47 -12 -13 -14 -15 15 48 32 24 -20 -21 -22 -23 29 31 -26 54 42 35 -30 -31 41 -33 57 -35 -36 -37 38 -39 -40 -41 -42 -43 -44 61 45 -47 -48 58 49 -51 -52 -53 -54 -55 -56 -57 -58 -59 59 -61 -62 -63
leaf_value=-0.014956779435628616 -0.037771963290584055 0.045069912230151075 -0.013898970955885477 -0.043983823746648068 -0.038008863957006492 0.029545616989611497 0.05182367532325366 -0.0038902191765168926 0.059152329156289755 0.022776797496519261 0.053395353149002164 0.04816385543651653 0.059081937535710581 -0.054662645989988073 0.0244904452357699 -0.055217885618476348 -0.027504683306697045 -0.056037013725101545 0.008530610531213241 0.040276899322634903 -0.055089916803728725 -0.013418923937545228 -0.0045087233611923504 0.042242269579270297 -0.012054330022190257 -0.052287796825211286 -0.046946004235414035 -0.049510279577162385 0.023267696382758486 -0.051465672477026284 -0.012518955529506513 -0.029733868435071552 -0.038240321626842405 -0.034585731455056029 0.010607073336122097 -0.021983596193601733 -0.033954613936066837 0.011171703988295027 -0.0015019717114276691 -0.023206890454746568 -0.053909031169027392 -0.033711058396382193 0.0069773226628794625 0.023358546491740868 -0.0094811076828571466 0.012715044558408743 0.011884396938074327 -0.0094034356253421859 -0.045635538023687264 -0.0080745681063964514 -0.0094514899498062913 -0.0035184462074921681 0.0094609135365712003 0.015482484865353374 -0.02426422586518721 -0.033521910776162595 0.00038072280045649547 -0.052681412013293211 0.013591999440590417 -0.004225946049652189 0.027624850261289056 -0.010032716999771013
leaf_weight=17.328265607357025 14.411586821079252 11.382596611976627 10.119887784123422 19.872068569064144 6.150775924324992 6.1770207583904293 20.732678979635242 27.553785651922226 19.618025630712509 37.359052032232285 8.1725569665431959 67.937428042292595 11.556023612618445 7.2290210127830496 16.820339307188991 15.929322138428686 17.116991922259331 26.90389384329319 8.0411735624074918 6.9749338775873175 12.69548976421356 11.390986710786819 8.6441193670034426 5.5557894855737748 11.136970609426497 42.280449092388153 5.8779367208480826 255.41608069837093 7.0400932133197776 11.754328683018683 13.927907645702364 4.3988979607820502 167.90553866326809 60.016602843999863 11.229314327239992 10.846045404672621 53.763943493366241 10.21445946395397 7.3620048910379401 16.924469038844109 6.9698559045791617 5.7780247777700415 13.397131830453871 5.0022339820861799 16.224842414259914 5.7526890784502021 16.851530984044075 7.6183246672153464 16.627693057060245 9.2522541135549528 23.087185502052307 6.8655353635549536 12.257381498813627 15.223129376769064 6.808902218937873 11.438905239105223 12.482314124703406 22.169273033738136 85.994511917233467 12.335002139210699 10.026472643017767 5.3196320831775665
leaf_count=92 66 83 54 87 28 42 156 156 151 245 62 502 89 29 111 64 84 108 49 50 51 61 49 40 60 175 25 1079 46 49 75 21 769 282 69 55 254 63 42 86 28 27 81 33 89 36 104 42 72 51 127 39 75 96 34 54 73 91 538 70 68 29
internal_value=-0.0177652 0.00208329 -0.00588577 -0.0310258 -0.0234976 0.00699379 0.0142765 0.00503077 0.0119457 0.00842224 -0.00107952 0.0358876 0.0155409 -0.00131121 -0.0237122 -0.0151927 -0.0301503 -0.0205941 -0.0449298 -0.0106911 -0.0158548 0.0156914 -0.0083675 -0.0141155 -0.0434478 -0.0400111 -0.00233078 -0.0464214 -0.026128 -0.0320953 -0.0188752 0.0100059 -0.0360919 -0.0275251 -0.0122281 -0.0484289 -0.0254176 -0.00718604 -0.0301615 -0.00710474 -0.0309985 -0.00478121 -0.00940495 -0.0139591 -0.019282 -0.0139871 0.000638505 0.0132017 -0.0415835 -0.0326022 -0.000354192 0.0161592 0.0203737 0.00290435 -0.0486368 -0.0198065 0.0105646 -0.0400098 0.00973232 0.0112919 0.0443589 0.00571569
internal_weight=1433.25 573.919 464.423 859.332 558.117 269.497 191.156 105.378 90.9659 160.397 71.3479 109.496 41.5586 30.0026 194.926 128.509 452.739 174.302 301.215 78.3414 71.3665 22.7736 63.1754 136.261 38.0409 66.4176 86.6992 293.174 26.9122 20.3984 114.049 22.2121 278.438 88.3629 28.3463 266.262 77.4912 16.3652 61.1259 58.671 17.0897 36.5575 63.0134 49.6162 39.2944 33.4164 30.7794 143.307 41.8093 25.8799 41.7465 23.6859 17.8132 42.7769 49.0894 27.6637 18.6593 190.075 105.948 98.3295 30.7592 10.3219
internal_count=7516 3379 2615 4137 2821 1630 1201 629 563 977 412 764 262 173 985 684 2192 897 1316 429 379 144 350 729 168 301 497 1267 133 98 593 136 1295 435 153 1134 387 91 296 328 82 206 347 266 204 179 179 895 187 123 242 150 115 252 209 143 115 860 650 608 224 62
is_linear=0
shrinkage=0.03


Tree=3
num_leaves=63
num_cat=0
split_feature=32 31 13 58 26 31 13 26 5 5 13 28 13 13 36 31 26 28 5 0 1 0 1 24 58 0 36 11 25 0 26 26 31 0 36 50 0 1 1 32 28 26 50 5 50 1 9 0 12 1 14 31 32 26 5 12 14 26 32 5 14 1
split_gain=395.849 202.123 144.795 94.1202 111.302 65.7583 55.7258 50.2925 32.8926 48.6437 36.2941 28.5102 27.6844 26.5088 62.7526 33.6747 47.9532 25.6307 20.7525 22.2447 18.4853 21.1732 16.8096 16.253 14.0952 18.4818 17.4455 13.2809 12.3384 23.9165 11.8635 25.4648 13.4582 11.514 11.368 9.6828 9.11732 9.0033 8.75064 5.07618 4.48934 4.42244 4.29702 4.25539 4.17891 3.9965 3.90224 3.82653 7.3463 5.02736 3.70707 3.69472 3.50164 3.36252 4.25412 3.43862 3.65684 3.34759 4.14474 3.28665 3.15992 5.02888
threshold=1.0000000180025095e-35 0.16000000000000003 0.90000000000000013 1.0000000180025095e-35 8.5000000000000018 1.0000000180025095e-35 0.90000000000000013 7.5000000000000009 0.025657894736842109 0.01941930618401207 1.0000000180025095e-35 1.0000000180025095e-35 0.90000000000000013 1.0000000180025095e-35 1.0000000180025095e-35 1.0000000180025095e-35 10.500000000000002 1.0000000180025095e-35 0.025657894736842109 49.500000000000007 4.8859497000344776 34.500000000000007 4.3912231078741621 1.0000000180025095e-35 1.0000000180025095e-35 38.500000000000007 1.0000000180025095e-35 0.7516845692360733 1.0000000180025095e-35 39.500000000000007 6.5000000000000009 3.5000000000000004 1.0000000180025095e-35 1172.0000000000002 1.0000000180025095e-35 3.1307312134163801 38.500000000000007 3.9303249852141158 3.7666825895759684 0.17500000000000002 1.0000000180025095e-35 12.500000000000002 2.7040907083446837 0.22048611111111113 3.4150731631156739 3.6278900514789654 0.37500000000000006 1172.0000000000002 0.52500000000000013 4.4557053684909791 0.67664992826398873 0.12000000000000002 0.17500000000000002 6.5000000000000009 0.3943381180223286 0.57500000000000007 0.6761982570806101 9.5000000000000018 0.16500000000000004 0.24662162162162166 0.59594926350245514 4.9210538951294289
decision_type=2 2 2 2 2 2 2 2 2 2 2 2 2 2 2 2 2 2 2 2 2 2 2 2 2 2 2 2 2 2 2 2 2 2 2 2 2 2 2 2 2 2 2 2 2 2 2 2 2 2 2 2 2 2 2 2 2 2 2 2 2 2
left_child=1 7 8 4 5 6 18 12 9 10 27 28 23 14 20 16 -15 30 19 37 21 -6 41 24 25 43 38 -3 -9 -30 31 -5 57 53 -18 -14 -13 39 -27 -2 42 -16 51 -1 -29 -46 -17 48 49 -20 -26 -23 -42 -10 55 56 -55 58 -32 -58 -40 -62
right_child=3 2 -4 17 13 -7 -8 11 33 -11 -12 36 35 15 22 46 34 -19 47 -21 -22 40 -24 -25 50 26 -28 44 29 -31 32 -33 -34 -35 -36 -37 -38 -39 60 -41 52 -43 -44 -45 45 -47 -48 -49 -50 -51 -52 -53 -54 54 -56 -57 59 -59 -60 -61 61 -63
leaf_value=-0.043458506224093502 0.027589687041003778 -0.027457854172741509 0.056749467009891648 -0.042815190899004693 -0.025575702350352596 -0.054700929021111247 0.057590715695612853 -0.05589928797232098 -0.019661111736984135 0.049442768521222119 -0.053264654722508444 -0.018763622217624995 0.056490744197050968 0.045257929567617934 -0.037211188417928746 -0.038102579138799109 -0.036921879409599165 0.0082791087606673575 -0.00063920033292166249 0.056062591755818243 -0.031424016868181096 -0.016855446572519785 -0.0030078044048734076 0.018895879567647253 -0.020948947811060742 0.018823288339854829 -0.039177413070929888 0.010696834182532889 -0.04352179920571151 0.014763576684496167 -0.052618667587407644 0.022566266974545054 -0.016353035834054796 -0.035166862476211376 0.0036890116872044239 0.010103265570856218 0.026075451377938347 -0.024176804663679188 -0.027054459908831756 0.00056720272797094735 0.046385566788656067 -0.054028140020440978 0.015556072872249273 -0.013454862626855565 0.040941565359673485 0.011373461200969277 -0.051554740113289116 -0.039582877591348577 0.01150278240378595 -0.039211599036268016 -0.050916664814958282 0.010431735211372976 0.013324306766342026 -0.0081290693869327055 -0.022840060498682931 0.02105017444715291 -0.0019015438202194205 -0.051735532140139665 -0.038024090342682018 0.023174203945640189 -0.014504203516020402 0.018680004011732074
leaf_weight=16.218906164169315 10.647781699895859 7.5509712100028983 65.051163449883461 19.808429941535 16.500520586967468 14.168076306581495 20.511200681328773 40.768313333392143 10.235018894076346 29.09181173145771 8.187366768717764 10.076524138450624 5.0588255971670177 10.206316128373144 47.189900174736977 205.84878344833851 27.408916801214218 8.0429308861494047 5.214120000600821 8.9509597271680814 15.939594209194182 8.9747218787670153 10.919610559940336 11.28175115585327 6.9157780706882503 21.523331969976425 9.5191702842712385 135.51902714371681 29.168287202715874 7.7932897806167594 33.733426421880722 7.0472539365291587 12.991345092654226 12.488785669207571 7.6216669380664817 20.551021441817284 6.5569022893905631 7.9536026269197455 5.5343877822160747 15.917022004723549 5.5665275454521161 26.924124926328659 26.082038700580597 6.9529494643211356 8.7858897298574465 9.3351583927869779 26.68232536315918 6.2539265751838675 7.2729205638170233 8.3990325927734357 13.061734691262243 8.2974514961242658 7.6715669929981232 27.407253473997116 6.9400648027658454 7.0344383567571631 9.9226001501083392 158.38916347920895 60.148198351264 8.080488368868826 9.9871546477079409 6.6604000926017752
leaf_count=71 71 37 502 87 82 57 158 164 53 218 33 52 39 74 217 940 126 49 30 69 76 47 62 73 35 138 43 837 128 49 138 46 68 58 45 127 44 40 27 93 41 109 164 37 63 58 110 28 45 38 54 51 48 152 35 46 57 654 274 53 53 43
internal_value=-0.0172697 0.00201916 0.0164815 -0.0301725 -0.0228393 0.00488209 0.0143117 -0.0199093 0.00709043 0.0137051 0.00748051 -0.0366621 -0.00796477 -0.0293117 -0.0200121 -0.0350992 -0.0111704 -0.0437391 0.00152775 0.0144341 -0.00232076 0.00401245 -0.0384161 -0.0146654 -0.0186873 -0.0126428 -0.00274429 0.0106653 -0.0442738 -0.0310576 -0.0451965 -0.0253966 -0.0471579 -0.00881995 -0.027945 0.0198656 -0.000631811 0.00320581 0.00519663 0.0117478 0.0128047 -0.0435301 0.00787167 -0.0349045 0.0126112 0.0263273 -0.0397149 -0.0188789 -0.0120783 -0.0250951 -0.0411503 -0.00343408 0.0281563 -0.00392057 -0.00105009 0.00179524 -0.00113518 -0.0487063 -0.0434327 0.00915477 -0.00780741 -0.000807492
internal_weight=1430.54 573.259 345.63 857.283 557.123 105.289 91.1206 227.629 280.579 198.47 169.378 94.3633 133.265 451.834 174.066 277.768 45.2369 300.161 70.6094 43.4694 89.0324 73.0928 85.0336 107.656 96.3738 76.3963 53.2244 161.191 77.7299 36.9616 292.118 26.8557 265.262 82.1086 35.0306 25.6098 16.6334 34.5184 43.7053 26.5648 56.5923 74.114 43.3542 23.1719 153.64 18.121 232.531 27.14 20.8861 13.6132 19.9775 17.2722 13.2381 69.6199 59.3848 52.4448 45.4103 252.271 93.8816 18.0031 22.1819 16.6476
internal_count=7516 3379 2202 4137 2821 629 572 1177 1700 1246 1028 437 740 2192 897 1295 245 1316 414 273 509 433 388 574 501 412 304 995 341 177 1267 133 1134 454 171 166 96 204 261 164 351 326 262 108 958 121 1050 141 113 68 89 98 89 396 343 308 262 1066 412 110 123 96
is_linear=0
shrinkage=0.03


Tree=4
num_leaves=63
num_cat=0
split_feature=32 45 25 26 11 32 0 53 2 35 28 26 19 27 59 5 42 42 0 1 5 26 32 49 35 36 23 49 5 26 26 5 32 11 42 0 0 26 28 1 26 53 42 35 32 11 1 43 42 26 26 11 29 11 5 11 43 5 42 27 42 26
split_gain=373.987 60.0375 54.9588 50.7962 79.1078 45.3301 37.1017 36.9856 45.9155 34.7452 31.6512 29.4272 28.4067 27.6014 26.4774 25.268 24.3795 24.055 34.2106 31.7096 22.9318 18.0465 16.0008 13.3951 19.735 14.0899 12.0302 14.4972 11.2982 11.0039 10.3386 9.04034 8.37276 13.5102 7.68835 6.12132 6.45489 5.99513 7.64692 5.58647 5.51626 5.36958 4.8451 4.83925 12.101 32.4725 4.60457 4.2857 4.1973 7.17802 4.13965 4.02967 3.8616 4.89717 3.84303 3.82895 3.777 3.65036 5.64844 3.585 3.53472 11.3426
threshold=1.0000000180025095e-35 1.5000000000000002 1.0000000180025095e-35 8.5000000000000018 0.80039597484269975 0.15000000000000005 20.500000000000004 1.0000000180025095e-35 3.5000000000000004 1.0000000180025095e-35 1.0000000180025095e-35 8.5000000000000018 1.0000000180025095e-35 1.0000000180025095e-35 1.0000000180025095e-35 0.025657894736842109 3.7845066141412258 5.1200721840520744 51.500000000000007 4.5408290460017566 0.025657894736842109 7.5000000000000009 0.17500000000000002 0.15500000000000005 1.0000000180025095e-35 1.0000000180025095e-35 1.0000000180025095e-35 0.2950000000000001 0.07483905579399143 7.5000000000000009 9.5000000000000018 0.22361111111111112 0.15000000000000005 0.78375227197041186 4.7224474870149153 35.500000000000007 29.500000000000004 10.500000000000002 1.0000000180025095e-35 4.5724503550461275 11.500000000000002 1.0000000180025095e-35 3.5368030955064285 1.0000000180025095e-35 0.17500000000000002 0.84958336294286541 4.5533537917988118 0.17500000000000002 3.8222509892493988 12.500000000000002 11.500000000000002 0.70135359315803292 1.5000000000000002 0.7724841377934476 0.3623737373737374 0.91132844131728363 1.0000000180025095e-35 0.28759398496240607 4.5414262367378315 1.0000000180025095e-35 3.9303249852141158 9.5000000000000018
decision_type=2 2 2 2 2 2 2 2 2 2 2 2 2 2 2 2 2 2 2 2 2 2 2 2 2 2 2 2 2 2 2 2 2 2 2 2 2 2 2 2 2 2 2 2 2 2 2 2 2 2 2 2 2 2 2 2 2 2 2 2 2 2
left_child=1 2 6 4 5 -2 37 8 -3 34 13 21 41 28 17 -7 -4 18 19 31 52 26 -11 42 25 -25 -10 -28 32 -24 -15 60 33 -5 55 36 -17 38 56 43 -32 -12 -16 44 -34 -46 -18 59 49 -42 -41 -45 53 -21 -33 -6 -1 58 -22 -44 61 -8
right_child=3 7 16 10 9 15 14 -9 11 22 12 -13 -14 30 23 35 46 -19 -20 20 57 -23 29 24 -26 -27 27 -29 -30 -31 40 54 39 -35 -36 -37 -38 -39 -40 50 48 -43 47 51 45 -47 -48 -49 -50 -51 -52 -53 -54 -55 -56 -57 -58 -59 -60 -61 -62 -63
leaf_value=0.0027840269886279727 -0.036247073187268893 -0.026784389502876274 0 -0.035734433861257277 -0.0039799519785503942 0.043225128455713947 -0.0074636576541059875 -0.025359793814397267 -0.002136957389301745 -0.042634431472037 -0.022525026193238547 0.04673961730591205 0.014751749515792877 0.012555551500126745 0.019493722431503865 -0.017282307572814945 -0.052537912416159106 0.036750447236120642 -0.053099866741294112 0.05053752163802807 0.013461685712007253 -0.021537246847881282 0.0088568598751792016 0.0083738370438051612 -0.043181023489187322 -0.04378761678889178 0.055533038404188877 0.0068798525225394714 -0.0062386997229853186 -0.02912394192302491 -0.031326518465551123 0.0093082987157662774 -0.047144308248517522 0.013313212503038572 -0.034394074772977186 -0.023819570980228567 0.023403714456399868 0.05362344646355325 0.053787101529487097 -0.029043920162916511 0.0069693845987235008 -0.047719422518134588 -0.00069681734516049726 -0.029595233681306662 -0.043523498698568384 0.0091972521982978377 -0.021760862195286213 0.018123224566427964 -0.02574274443156192 -0.02810497013191331 -0.043811824660478921 -0.049895177625353462 0.007692223725488289 0.015792969824130289 -0.019940598419226678 0.018116346234047977 0.028256942471121441 -0.016008535885575301 -0.014085786685365516 0.014198687850228046 -0.036646659679299018 -0.042979204904886777
leaf_weight=12.828005373477941 13.940776690840719 12.994587093591688 13.977530986070631 21.682980179786686 18.915882453322414 28.103533759713173 22.513383716344833 14.075445443391798 10.414760589599608 88.80947445333004 66.843964993953705 57.328833848237991 19.189439922571182 6.1184531152248374 37.94259849190712 4.8016269356012371 27.687492579221725 8.7655830979347211 17.465582013130188 10.338295072317129 14.567402675747873 9.7695581763982755 9.6871150583028811 37.359955832362175 10.803303077816961 5.1106713265180579 13.836478158831596 9.6860200762748718 8.9967814534902555 21.209843024611473 80.281513094902039 9.9579140543937701 79.244835585355759 6.2506192922592154 5.3810290843248358 6.4203174859285346 10.880162075161932 7.6190104931592932 5.5606058537960044 50.826507329940796 12.324698463082315 9.2831308990716916 55.365961253643036 12.109668582677839 34.308000057935715 14.789802700281141 6.5418384522199622 22.563375160098076 27.397595107555389 8.6555505990982038 33.034101262688637 144.31809209287167 5.9969642609357825 6.905491277575492 6.4384160786867133 10.761272892355917 9.4803097844123823 19.717483043670654 12.014909967780111 19.204045981168747 24.487305417656898 13.02320086956024
leaf_count=77 64 64 81 100 107 205 125 70 60 391 337 427 121 38 246 25 113 62 71 78 91 50 59 228 47 22 107 59 50 102 383 61 338 39 25 32 72 59 43 246 74 39 322 58 150 90 33 145 135 42 144 602 37 44 33 69 65 104 64 121 113 57
internal_value=-0.0167984 0.00195901 -0.0032489 -0.0293657 -0.0168237 0.0110969 0.000424212 0.0200423 0.0257337 -0.0284342 -0.0336689 0.0325871 -0.0175537 -0.036493 -0.00244732 0.0244538 -0.0334254 -0.0109551 -0.0135923 -0.00875764 0.00582663 0.0137587 -0.0361185 0.00530218 -0.00735227 0.0017806 0.0241619 0.0359786 -0.0404327 -0.0170425 -0.0245515 -0.0220879 -0.0411897 -0.0245293 -0.00196994 0.000142774 0.0105075 0.029616 0.0225036 -0.042422 -0.0263795 -0.0257929 0.0103409 -0.0445537 -0.0397488 -0.0275478 -0.0469907 0.00667128 -0.0179513 -0.00734626 -0.035023 -0.0484018 0.030053 0.0373082 -0.00191736 0.00389923 0.0140306 -0.00628201 0.000774299 0.0030867 -0.0274734 -0.0208147
internal_weight=1426.91 572.342 444.237 854.567 218.911 64.1464 396.03 128.106 114.03 154.765 635.656 101.036 95.3165 540.339 360.542 50.2056 48.2069 172.192 163.426 145.961 69.5405 43.7068 119.706 188.35 53.2739 42.4706 33.9373 23.5225 405.561 30.897 134.778 76.4202 396.565 27.9336 35.0582 22.1021 15.6818 35.4879 27.8689 368.631 128.659 76.1271 135.076 284.77 128.343 49.0978 34.2293 97.1334 48.3778 20.9802 83.8606 156.428 23.2408 17.2438 16.3963 29.6772 22.3083 46.2998 26.5823 74.57 60.0239 35.5366
internal_count=7516 3379 2542 4137 1151 398 2315 837 767 753 2986 703 497 2489 2071 334 227 940 878 807 418 276 552 1131 297 250 226 166 1817 161 672 389 1767 139 201 129 97 244 185 1628 634 376 834 1238 578 240 146 588 251 116 390 660 159 122 94 176 142 259 155 443 295 182
is_linear=0
shrinkage=0.03


Tree=5
num_leaves=63
num_cat=0
split_feature=32 31 58 26 45 31 42 26 28 28 53 58 4 42 14 32 2 4 45 53 50 45 31 34 45 2 25 14 28 4 31 26 26 2 26 45 31 32 32 32 32 4 32 50 43 12 2 12 14 4 50 45 4 4 14 14 50 32 14 43 4 26
split_gain=353.614 184.092 85.7268 99.0607 62.3829 60.2909 49.8314 46.5548 26.4374 23.5021 22.5275 21.1056 18.1675 19.88 24.1591 16.2781 13.326 59.1205 26.3112 20.0757 17.4328 14.4385 13.2223 12.7964 18.5171 15.3813 12.2843 13.2398 11.5963 26.0332 11.1308 12.6521 23.0794 9.91589 9.55636 10.6408 15.0825 46.2694 10.408 14.4238 7.35291 7.11846 6.62788 6.65653 6.39774 8.62854 6.24755 5.98104 5.78888 5.45246 7.28029 5.28106 10.0431 7.29917 6.282 5.27822 4.95381 4.56387 4.47507 4.45056 4.4339 4.19981
threshold=1.0000000180025095e-35 0.16000000000000003 1.0000000180025095e-35 8.5000000000000018 0.97500000000000009 1.0000000180025095e-35 4.4569558664948525 7.5000000000000009 1.0000000180025095e-35 1.0000000180025095e-35 1.0000000180025095e-35 1.0000000180025095e-35 0.52142857142857157 5.0005279307147701 0.51653869448840439 0.53500000000000014 3.5000000000000004 0.52142857142857157 1.5000000000000002 1.0000000180025095e-35 2.9242685963818378 1.5000000000000002 0.12000000000000002 1.0000000180025095e-35 1.5000000000000002 2.5000000000000004 1.0000000180025095e-35 0.65155075187969935 1.0000000180025095e-35 0.23205128205128209 1.0000000180025095e-35 6.5000000000000009 3.5000000000000004 2.5000000000000004 12.500000000000002 0.69117647058823539 1.0000000180025095e-35 0.18500000000000003 0.17500000000000002 0.16500000000000004 0.17500000000000002 0.37998564976997429 0.16500000000000004 2.4194005465518993 -1.0000000180025095e-35 0.52500000000000013 2.5000000000000004 0.4250000000000001 0.67175839552238814 0.20761494252873566 3.1307312134163801 1.5000000000000002 0.42476927252985891 0.22540322580645164 0.66115363586659381 0.6761982570806101 3.4150731631156739 0.17500000000000002 0.62847490347490365 -0.27499999999999997 0.35067567567567576 13.500000000000002
decision_type=2 2 2 2 2 2 2 2 2 2 2 2 2 2 2 2 2 2 2 2 2 2 2 2 2 2 2 2 2 2 2 2 2 2 2 2 2 2 2 2 2 2 2 2 2 2 2 2 2 2 2 2 2 2 2 2 2 2 2 2 2 2
left_child=1 7 3 5 6 12 33 11 26 30 15 22 13 14 -2 28 17 21 20 -20 44 -6 23 24 25 47 -9 -28 34 -30 31 32 -4 56 35 38 37 42 39 -5 -36 60 -37 -44 -18 -46 -10 -1 -13 -25 -51 53 -53 57 -55 -49 -3 59 -40 -16 -35 -42
right_child=2 4 9 10 16 -7 -8 8 46 -11 -12 48 -14 -15 51 -17 18 -19 19 -21 -22 -23 -24 49 -26 -27 27 -29 29 -31 -32 -33 -34 41 40 36 -38 -39 58 -41 61 -43 43 -45 45 -47 -48 55 -50 50 -52 52 -54 54 -56 -57 -58 -59 -60 -61 -62 -63
leaf_value=0.020377491231957062 -0.052105437087071549 0.010900479646892107 -0.04064738862998258 0.0084853611659801084 0.0014925640441968569 -0.052701275856779903 -0.050808207610991807 -0.054231296578106436 0.024638325476480871 0.0081671075817993238 -0.049120254693195434 -0.0098597724589961442 0.05189106169410606 0.050979923688676383 0.0029664629849892065 0.011284079627402015 0.051959009827360507 0.052638328642539443 0.053681030421506459 -0.0029825520465038623 -0.014577889973392098 -0.048126473885847003 0.027130283858397088 0.0028647206160052137 0.032901850532623629 -0.025182372039898277 0.00021704776601147563 -0.040085689008937588 0.017514963937510487 -0.024788654716595068 -0.01482646182362251 -0.046444157244106977 0.021629253360240901 -0.0019398923251919597 -0.052227503462788281 -0.0036865221687015313 -0.036591858834503721 -0.043036162478269906 0.017958174879144688 -0.03072189373705177 -0.051352606893898936 0.029330250681495276 0.00060999288227863531 0.046392352719493359 -0.0028427018166119105 0.047235548396232632 -0.013815577986446901 0.015586724107296964 -0.044752582014859023 0 -0.036649362347527574 0.035541959988023536 -0.011798900176262896 -0.024065953179303948 0.011965312566294798 -0.019566170489941821 0.028711868197385554 0.0024183540228067467 -0.0094278101752419408 0.042115801477536359 -0.026578821670974122 -0.024602319477095753
leaf_weight=15.501978382468225 6.1914946734905234 128.3713194578886 19.63148303329945 9.6875143349170667 13.106684178113937 14.054503872990606 13.155374884605406 40.507290095090866 5.5258599072694787 8.0418031960725767 40.874734356999397 6.8083104044199017 9.8091252297162992 8.7684930860996229 4.7116343379020691 10.203846409916876 8.1382786482572591 20.842122316360474 59.011152282357216 5.9755480438470832 11.372138679027556 8.3807738721370697 12.059520900249479 6.2408055961132041 13.382602438330649 22.403651788830757 9.6281639784574491 27.079565420746803 16.248243063688278 62.125120654702187 12.939307451248167 249.62307213246822 7.0539100021123877 34.17607793211937 26.500197321176529 8.3516231477260607 119.95254904031754 25.817191556096077 7.0395864546299007 52.745798543095589 7.3912472277879706 5.2718919068574897 4.8146484792232496 7.9853145033121109 7.5999163240194321 4.7793863415718079 11.071408987045288 6.0068943649530402 15.091974452137945 6.5745990425348309 19.282593190670013 13.871714800596239 5.3074364811182013 11.966386437416078 6.3791090846061698 9.5580221563577634 16.333494171500206 16.943523913621902 20.111727818846703 6.9712763875722903 8.1591515690088254 29.455962106585503
leaf_count=101 25 797 87 59 77 57 54 164 37 49 171 37 75 67 28 63 62 161 458 34 61 35 82 37 93 111 56 121 104 308 68 1066 46 196 108 47 550 113 45 252 30 36 28 58 44 36 59 38 65 38 89 98 29 60 40 49 111 100 110 50 40 146
internal_value=-0.016344 0.00190334 -0.0285925 -0.0215855 0.0157202 0.00459681 0.00516982 -0.0190704 -0.0352469 -0.0416133 -0.0277153 -0.00757173 0.0136161 0.00879726 0.00347522 -0.0255355 0.0312196 0.0168006 0.0374105 0.0483856 0.0146958 -0.0178491 -0.00217987 -0.00586003 0.00154302 -0.00628704 -0.0426144 -0.0294081 -0.0264992 -0.0159197 -0.0430227 -0.0443098 -0.0239238 0.00907905 -0.0290611 -0.0263695 -0.0309058 -0.0161635 -0.0178002 -0.0245348 -0.0397486 -0.00268517 0.0164517 0.0299074 0.0311948 0.0164581 -0.000514693 0.00722121 -0.0343641 -0.0213788 -0.0274375 0.00890917 0.0221452 0.0033066 -0.0112197 -0.00559356 0.0129892 0.0128373 -0.00202862 0.0271477 -0.00693219 -0.0303784
internal_weight=1422.97 571.397 851.57 554.28 344.673 104.975 205.467 226.723 93.8123 297.29 449.305 132.911 90.9202 81.1111 72.3426 408.431 139.206 42.3296 96.8764 64.9867 31.8897 21.4875 111.011 98.9511 66.8531 53.4705 77.215 36.7077 398.227 78.3734 289.248 276.308 26.6854 192.312 319.853 256.506 166.921 46.9688 89.5846 62.4333 63.3474 47.6071 21.1516 12.8 20.5176 12.3793 16.5973 31.0669 21.9003 32.098 25.8572 66.1511 19.1792 46.9719 18.3455 15.5649 144.705 28.6264 27.1513 11.6829 42.3352 36.8472
internal_count=7516 3379 4137 2821 2202 629 1234 1177 437 1316 2192 740 572 497 430 2021 968 273 695 492 203 112 638 556 392 299 341 177 1958 412 1267 1199 133 1180 1546 1262 796 246 466 311 284 272 133 86 142 80 96 188 102 164 127 405 127 278 100 87 908 178 155 78 236 176
is_linear=0
shrinkage=0.03


Tree=6
num_leaves=63
num_cat=0
split_feature=32 13 24 26 13 32 35 42 14 24 26 26 34 42 42 32 13 42 27 19 42 26 35 13 36 19 19 26 27 35 26 26 36 42 14 42 50 32 21 14 26 32 13 26 26 21 43 14 42 42 43 42 32 12 32 53 29 12 35 42 25 14
split_gain=334.532 141.441 96.9271 45.978 71.9175 56.627 38.1174 25.2138 40.748 23.2794 29.9612 25.8314 19.8783 16.5865 36.9973 15.6757 14.7735 25.2885 14.2242 12.3458 20.0468 11.6589 15.4383 21.4171 37.4855 19.3185 9.53788 9.476 9.38348 7.67169 12.4954 13.8216 11.9115 9.92416 5.77822 5.67277 5.55123 5.36237 5.81385 5.19379 5.1889 5.10994 4.98284 7.33142 4.80818 6.72993 4.52681 4.49584 4.09866 6.04314 3.49366 3.39473 3.39007 3.34834 3.32298 3.61273 3.30127 3.15525 2.93809 3.5796 2.85966 2.76163
threshold=1.0000000180025095e-35 0.90000000000000013 1.0000000180025095e-35 8.5000000000000018 1.0000000180025095e-35 0.15000000000000005 1.0000000180025095e-35 4.9869157021011983 0.56316489361702138 1.0000000180025095e-35 8.5000000000000018 7.5000000000000009 1.0000000180025095e-35 3.7666825895759684 4.6907213539591348 0.17500000000000002 0.90000000000000013 4.8244373509905714 1.0000000180025095e-35 1.0000000180025095e-35 4.8244373509905714 11.500000000000002 1.0000000180025095e-35 1.0000000180025095e-35 1.0000000180025095e-35 1.0000000180025095e-35 1.0000000180025095e-35 9.5000000000000018 1.0000000180025095e-35 1.0000000180025095e-35 9.5000000000000018 12.500000000000002 1.0000000180025095e-35 1.0000000180025095e-35 0.59594926350245514 4.8027942719406207 3.3361473422153938 0.16500000000000004 0.37479088507391733 0.62414383561643849 11.500000000000002 0.53500000000000014 1.0000000180025095e-35 12.500000000000002 7.5000000000000009 0.30755568841877889 -0.27499999999999997 0.72137002341920387 4.6671121786567591 3.9303249852141158 -1.0000000180025095e-35 3.6161845113717574 0.16500000000000004 0.52500000000000013 0.18500000000000003 1.0000000180025095e-35 1.5000000000000002 0.37500000000000006 1.0000000180025095e-35 4.5184800837290524 1.0000000180025095e-35 0.66565040650406515
decision_type=2 2 2 2 2 2 2 2 2 2 2 2 2 2 2 2 2 2 2 2 2 2 2 2 2 2 2 2 2 2 2 2 2 2 2 2 2 2 2 2 2 2 2 2 2 2 2 2 2 2 2 2 2 2 2 2 2 2 2 2 2 2
left_child=1 2 13 4 6 -6 37 8 -4 10 11 12 -3 28 60 52 17 -7 21 20 35 22 23 24 26 41 61 -20 29 30 32 -32 33 -1 -16 46 -36 -2 53 -28 58 -24 43 -42 45 -17 51 -21 49 -48 -31 -10 -8 -39 55 -25 -22 -41 -29 -60 -15 -5
right_child=3 9 7 18 5 16 15 -9 19 -11 -12 -13 -14 14 34 44 -18 -19 27 47 56 -23 25 54 -26 -27 39 40 -30 50 31 -33 -34 -35 36 -37 -38 38 -40 57 42 -43 -44 -45 -46 -47 48 -49 -50 -51 -52 -53 -54 -55 -56 -57 -58 -59 59 -61 -62 -63
leaf_value=-0.021247955721890713 0.027164534660436647 0.042257815990988892 -0.0505196743187546 0 -0.037162652227149547 -0.024380426442686037 -0.044739525062856209 0.038250800768925834 -0.0026087562137500188 0.043631371867501045 0.055398286669551572 -0.050391863415926559 -0.013169512917696649 -0.03569006518969859 -0.020904819821443793 -0.020448954783479956 0.053946630216696254 0.051975107258143825 0.012428291031994155 0.01401613546518104 0.040165524113096901 -0.040902194623085614 -0.024145267171638982 -0.027426433549584326 -0.038372935491273012 -0.044518214884654246 0.041880316070335287 -0.022894902102478847 0.012349889847262149 -0.013906745316681112 -0.043878930502453645 0.0012815696058102589 -0.033544699626433618 0.016711071429403781 0.027386742327680551 -0.034038732356503724 -0.0053582085444799487 -0.0047900619203339609 0.016089045898642459 -0.0010451452398953674 0.0087092201157271242 0.0050295629192139389 -0.025287319030502697 -0.026619028462418422 -0.02387760075093209 0.022520416413638375 -0.0014663679216352374 -0.0041539620016553883 0.013375204736951059 -0.020796082894214044 -0.039963300597511069 0.02727083104430068 -0.031682739892128255 -0.029905876973699709 -0.044687813151661114 -0.046745382446887106 0.0081584310101289088 0.023030009266243621 -0.039318365034316211 -0.012865982130501503 -0.050285522576438174 -0.023985627864245122
leaf_weight=7.9168645143508902 5.5156670808792105 11.342820912599567 11.702829644083975 10.108133032917978 12.547203719615935 7.5570033788681013 54.925350144505501 20.325520619750023 6.8560652136802656 67.001011595129967 11.4757774323225 7.1067007333040229 11.379423394799232 32.266113460063934 9.2581556588411349 7.0459530502557737 19.438745081424713 7.5709344446659088 6.1115220189094535 122.86761152744293 9.9776762723922712 169.21533288061619 33.018039226531982 72.981824740767479 28.500147238373756 111.08300916850567 6.0711412131786373 37.852303266525269 11.241728141903875 8.2993823140859622 16.169731020927433 9.3011405467987043 7.7376031130552283 25.088539123535156 7.5531447678804424 6.4414673596620551 11.006365075707434 20.044157430529598 9.0894391089677793 10.418997302651407 12.708764404058458 5.9894737750291815 26.823559179902077 8.6164122968912107 23.567773446440697 5.7770287245512009 31.641605466604233 12.975632175803183 6.7510650753974906 28.00863228738308 15.056542828679083 5.9976348131895065 37.831551373004913 6.4923437237739554 21.583238422870636 11.612028002738951 4.9565102010965338 8.3379125297069532 35.470931217074394 6.3969573825597754 32.353132352232933 7.6530774831771842
leaf_count=40 37 83 48 58 57 38 237 148 39 502 89 29 61 149 47 36 151 59 38 777 73 752 164 355 129 481 44 190 70 44 70 55 36 160 51 30 62 113 58 60 77 36 132 42 117 38 182 74 43 144 67 41 179 31 93 49 31 55 159 34 134 38
internal_value=-0.0159118 0.00185017 -0.00537914 -0.0278574 -0.015883 0.0167921 -0.0249676 0.0062636 0.00359102 0.03268 0.0146465 -0.00109625 0.014365 -0.0215765 -0.0307988 -0.0329678 0.0366506 0.0136206 -0.0319701 0.00633468 -0.00157639 -0.0343446 -0.0309136 -0.0247648 -0.011842 -0.0380932 0.00586833 -0.0230866 -0.0130167 -0.0162877 -0.0108749 -0.0272725 -0.000394028 0.00735217 -0.00162161 -0.00723905 0.00779804 3.89553e-05 -0.0041214 0.0179066 -0.0248477 -0.0195097 -0.0166625 -0.00540107 -0.0158806 -0.000581049 -0.00490519 0.0122329 -0.00811318 -0.010682 -0.0311557 0.0110779 -0.0395584 -0.011337 -0.0333222 -0.0302531 0.0301873 0.00947042 -0.0296621 -0.0354997 -0.0432228 -0.0106377
internal_weight=1418.01 570.056 461.751 847.956 217.403 47.1139 170.289 268.502 248.177 108.306 41.3047 29.8289 22.7222 193.248 92.4369 129.148 34.5667 15.1279 630.553 236.474 100.631 496.572 327.357 177.266 71.0894 150.091 42.5893 133.98 100.812 89.5698 66.2139 25.4709 40.743 33.0054 27.8177 85.6965 18.5595 41.1416 35.6259 24.8281 127.869 39.0075 48.1487 21.3252 36.3908 12.823 79.255 135.843 66.4013 59.6502 23.3559 12.8537 92.7569 26.5365 106.177 84.5939 14.9342 18.7569 79.7202 41.8679 64.6192 17.7612
internal_count=7516 3379 2615 4137 1151 305 846 1630 1482 764 262 173 144 985 443 607 248 97 2986 1434 583 2314 1562 881 384 681 255 672 542 472 361 125 236 200 160 479 113 239 202 159 634 200 251 119 191 74 449 851 369 326 111 80 416 144 497 404 104 115 383 193 283 96
is_linear=0
shrinkage=0.03


Tree=7
num_leaves=63
num_cat=0
split_feature=31 58 26 25 34 13 26 13 31 26 13 42 42 28 26 25 34 31 42 14 45 25 13 25 57 13 1 1 42 14 26 28 42 1 42 27 1 1 12 1 2 13 2 14 31 36 26 53 26 26 42 13 21 31 31 21 21 14 45 1 27 13
split_gain=242.764 134.511 86.7594 62.2978 58.5816 70.3011 32.7589 31.6843 30.0078 54.7727 53.6877 28.88 32.4346 25.0422 23.9887 22.3267 24.7223 19.4977 19.3911 26.9704 19.2251 52.4415 90.3623 22.894 14.5009 13.0609 12.7811 12.5159 12.0234 10.2436 9.26225 8.978 8.67945 8.53061 8.08602 7.98182 7.77645 7.75349 7.49 19.2867 7.21678 7.10273 6.76617 5.61692 4.62261 4.61832 8.74655 4.52429 5.30689 8.04559 4.31005 4.08128 3.96841 3.88711 3.69886 3.63818 3.3259 3.29815 3.29651 3.25431 3.21865 3.16927
threshold=0.16000000000000003 1.0000000180025095e-35 8.5000000000000018 1.0000000180025095e-35 1.0000000180025095e-35 0.90000000000000013 11.500000000000002 1.0000000180025095e-35 1.0000000180025095e-35 7.5000000000000009 0.90000000000000013 5.0005279307147701 3.8574466511864682 1.0000000180025095e-35 12.500000000000002 1.0000000180025095e-35 1.0000000180025095e-35 1.0000000180025095e-35 4.9869157021011983 0.5796825396825398 1.0000000180025095e-35 1.0000000180025095e-35 1.0000000180025095e-35 1.0000000180025095e-35 1.0000000180025095e-35 0.90000000000000013 3.885512953955101 4.5626574477361794 4.8244373509905714 0.63943957300800625 9.5000000000000018 1.0000000180025095e-35 5.0005279307147701 3.7885744636323824 3.6590178639248787 1.0000000180025095e-35 3.9303249852141158 3.6166825895759684 0.57500000000000007 4.8228959261055762 3.5000000000000004 0.90000000000000013 3.5000000000000004 0.65086852351003299 0.23000000000000004 1.0000000180025095e-35 6.5000000000000009 1.0000000180025095e-35 14.500000000000002 12.500000000000002 3.5876490396180452 1.0000000180025095e-35 0.37321967233550757 0.23000000000000004 0.23000000000000004 0.3181400228784238 0.32321967233550752 0.62414383561643849 0.97500000000000009 3.388574463632382 1.0000000180025095e-35 0.90000000000000013
